1 0.1046875 0.35625 0.1046875 0.628125
1 0.2328125 0.3390625 0.1125 0.6359375
1 0.3578125 0.3375 0.1109375 0.5984375
1 0.4828125 0.340625 0.115625 0.628125
8 0.6203125 0.3390625 0.103125 0.6171875
4 0.7421875 0.34375 0.11875 0.653125
3 0.8578125 0.45625 0.0671875 0.3875
1 0.934375 0.4453125 0.0734375 0.390625
1 0.3984375 0.7875 0.065625 0.28125
1 0.471875 0.7796875 0.06875 0.275
1 0.5453125 0.76875 0.0640625 0.2625
1 0.6140625 0.790625 0.071875 0.3140625
1 0.6890625 0.8 0.0640625 0.3078125
1 0.765625 0.7828125 0.06875 0.296875