3 0.28125 0.3890625 0.203125 0.565625
7 0.38125 0.3828125 0.20625 0.6
4 0.49375 0.39375 0.18125 0.53125
7 0.5890625 0.3796875 0.19375 0.565625
5 0.6984375 0.375 0.184375 0.50625
10 0.79375 0.3625 0.1875 0.50625
6 0.346875 0.7734375 0.1125 0.25625
2 0.428125 0.7796875 0.075 0.221875
8 0.478125 0.7796875 0.10625 0.26875
2 0.765625 0.8125 0.06875 0.209375
5 0.9 0.7796875 0.11875 0.259375
1 0.0890625 0.428125 0.178125 0.59375
1 0.171875 0.3875 0.203125 0.559375
1 0.6640625 0.81875 0.13125 0.2875
1 0.5375 0.765625 0.09375 0.23125
1 0.8203125 0.80625 0.11875 0.26875