1 0.1265625 0.3109375 0.190625 0.621875
1 0.25625 0.3125 0.2 0.625
1 0.38125 0.31875 0.19375 0.609375
1 0.5046875 0.3390625 0.203125 0.6375
8 0.6421875 0.3578125 0.1875 0.625
4 0.7609375 0.3796875 0.209375 0.6625
3 0.8609375 0.50625 0.121875 0.39375
1 0.9359375 0.5046875 0.128125 0.396875
1 0.359375 0.7703125 0.103125 0.2875
1 0.4328125 0.7734375 0.10625 0.28125
1 0.5078125 0.771875 0.1 0.26875
1 0.571875 0.803125 0.115625 0.321875
1 0.6453125 0.8234375 0.10625 0.3125
1 0.7234375 0.8171875 0.109375 0.303125