6 0.5953125 0.390625 0.1140625 0.5890625
3 0.7203125 0.421875 0.121875 0.60625
4 0.9171875 0.5515625 0.078125 0.421875
3 0.4734375 0.8265625 0.08125 0.3265625
4 0.54375 0.8328125 0.0671875 0.3046875
9 0.60625 0.8421875 0.0828125 0.3140625
3 0.678125 0.8328125 0.0625 0.334375
4 0.75625 0.8421875 0.078125 0.3140625
1 0.1203125 0.390625 0.128125 0.578125
1 0.2421875 0.3703125 0.121875 0.590625
1 0.365625 0.3796875 0.11875 0.634375
1 0.48125 0.3828125 0.1140625 0.590625
1 0.834375 0.5203125 0.06875 0.428125