3 0.303125 0.353125 0.109375 0.5546875
7 0.403125 0.3640625 0.10625 0.5890625
4 0.5125 0.39375 0.0921875 0.521875
7 0.609375 0.396875 0.0984375 0.5578125
5 0.7171875 0.4109375 0.0984375 0.4953125
10 0.8125 0.415625 0.103125 0.496875
6 0.3015625 0.7421875 0.0703125 0.246875
2 0.38125 0.7625 0.0390625 0.21875
8 0.4296875 0.771875 0.0609375 0.2609375
2 0.7078125 0.8546875 0.0328125 0.20625
5 0.8453125 0.8453125 0.0765625 0.2484375
1 0.0890625 0.3546875 0.1171875 0.58125
1 0.196875 0.3328125 0.109375 0.55
1 0.60625 0.8421875 0.084375 0.278125
1 0.490625 0.76875 0.05625 0.225
1 0.7625 0.8578125 0.0765625 0.2578125