2 0.4734375 0.4046875 0.075 0.471875
10 0.55625 0.403125 0.1015625 0.515625
8 0.66875 0.3984375 0.1015625 0.51875
7 0.7640625 0.515625 0.0734375 0.3203125
6 0.8296875 0.5125 0.0609375 0.3125
3 0.43125 0.7828125 0.0703125 0.284375
2 0.5140625 0.7953125 0.05625 0.2390625
7 0.571875 0.78125 0.05625 0.2046875
7 0.6421875 0.7859375 0.0625 0.23125
2 0.725 0.8046875 0.0609375 0.2390625
1 0.128125 0.3703125 0.1046875 0.5515625
1 0.2359375 0.3734375 0.0953125 0.5453125
1 0.3453125 0.38125 0.10625 0.5484375