3 0.2828125 0.3859375 0.19375 0.565625
7 0.3828125 0.38125 0.196875 0.596875
4 0.4953125 0.39375 0.171875 0.53125
7 0.5921875 0.38125 0.184375 0.565625
5 0.7 0.378125 0.175 0.503125
10 0.7953125 0.3671875 0.178125 0.50625
6 0.3421875 0.7703125 0.109375 0.25625
2 0.4234375 0.778125 0.071875 0.221875
8 0.4734375 0.7796875 0.1 0.26875
2 0.7609375 0.8171875 0.065625 0.209375
5 0.8953125 0.7875 0.115625 0.25625
1 0.0875 0.41875 0.175 0.59375
1 0.175 0.3828125 0.19375 0.559375
1 0.6578125 0.821875 0.128125 0.2875
1 0.5328125 0.7671875 0.090625 0.23125
1 0.815625 0.8125 0.115625 0.265625